image: upstairs_hallway_final_half.pgm
resolution: 0.030000
origin: [-12.302999, -110.606987, 0.000000]
negate: 0
occupied_thresh: 0.65
free_thresh: 0.196

